Part A: Test QR factorization
A = 
      0.63      0.614       0.24 
     0.756      0.955      0.672 
     0.835      0.366      0.373 
     0.294      0.579       0.64 
     0.412      0.448      0.935 
Q = 
     0.454     0.0587     -0.451 
     0.545      0.451     -0.252 
     0.603       -0.7     0.0915 
     0.212      0.537      0.197 
     0.297      0.119      0.828 
R = 
      1.39       1.28       1.11 
         0      0.575      0.512 
         0          0      0.656 
Q^TQ =
         1  -4.79e-16   4.16e-16 
 -4.79e-16          1  -2.22e-16 
  4.16e-16  -2.22e-16          1 
QR =
      0.63      0.614       0.24 
     0.756      0.955      0.672 
     0.835      0.366      0.373 
     0.294      0.579       0.64 
     0.412      0.448      0.935 

Test; QR = A, Q orthogonal: Success

Test linear equation solver on square matrix
B = 
     0.416      0.265      -0.39       0.54      0.495 
    -0.678     -0.575      0.342      0.849       0.48 
     0.556      -0.76      -0.56    -0.0989     -0.701 
     0.662     -0.584      0.792      -0.83      0.203 
    -0.121      0.504      0.836      0.997      0.846 
b =      0.472     -0.816    -0.0237      0.827     -0.156 
x =      0.741       0.17     -0.208     -0.557      0.682 
Bx =      0.472     -0.816    -0.0237      0.827     -0.156 
Test of linear equation solver: Success

Part B, Matrix inverse:

C = 
     0.301      0.244      0.633      0.563      0.248 
     0.782      0.441      0.613      0.525      0.421 
     0.538      0.452     0.0276     0.0846     0.0305 
     0.932      0.347      0.588      0.253     0.0739 
     0.129       0.49      0.498      0.617      0.727 
C^-1 = 
        -1        3.8     -0.223      -1.43       -1.7 
     0.795      -5.37       2.39       2.53       2.48 
     0.133      -5.53      -1.52        5.1        2.7 
      3.22       5.66       1.65      -6.21      -3.82 
     -3.18       1.94      -1.92      0.321       1.39 
C*C^-1 = 
         1  -1.67e-16   5.55e-17   4.16e-17   1.11e-16 
         0          1  -1.11e-16  -5.83e-16  -4.44e-16 
  2.78e-17  -1.06e-15          1    1.1e-15   1.11e-16 
 -4.16e-16  -3.89e-16   4.44e-16          1  -4.16e-17 
         0          0   2.22e-16   1.39e-16          1 
Test of matrix inverse: Success
