A = 
     0.825      0.893      0.853 
     0.933      0.622      0.639 
     0.415      0.184      0.895 
     0.913      0.419      0.886 
      0.58       0.68      0.546 
Q = 
     0.485      0.575      0.168 
     0.548     -0.163      -0.49 
     0.244     -0.266      0.853 
     0.537     -0.557    -0.0595 
     0.341      0.512      0.034 
R = 
       1.7       1.28       1.64 
         0      0.477    -0.0666 
         0          0      0.558 
QQ^T =
         1   2.22e-16   3.92e-16 
  2.22e-16          1  -2.43e-17 
  3.92e-16  -2.43e-17          1 
QR =
     0.825      0.893      0.853 
     0.933      0.622      0.639 
     0.415      0.184      0.895 
     0.913      0.419      0.886 
      0.58       0.68      0.546 
B = 
     0.988      0.483      0.943      0.754      0.936 
     0.468      0.975      0.942      0.896      0.878 
     0.595      0.698      0.722      0.472      0.582 
      0.97      0.246      0.959      0.734      0.219 
     0.492      0.341     0.0453      0.995      0.202 
b = [0.482510927357949,0.275409223640062,0.0586355151881629,0.365974784999143,0.0304912631541916]
x = [-0.321535532503434,-0.811110572730343,0.544404104988972,0.352879195595746,0.440666302597907]
Bx = [0.482510927357948,0.275409223640062,0.0586355151881635,0.365974784999143,0.0304912631541916]
Matrix inverse part:

C = 
     0.867      0.572      0.539      0.522      0.995 
     0.692       0.98      0.551      0.551      0.569 
     0.549      0.425      0.878       0.99      0.726 
     0.761      0.356      0.589      0.197      0.191 
     0.947      0.305      0.214      0.709        0.3 
C^-1 = 
     0.352     -0.461     -0.667      0.812      0.806 
    -0.512       1.72     -0.458     -0.382     -0.218 
    -0.401     -0.349      0.878       1.47      -1.07 
    -0.822      0.192      0.856      -1.05      0.962 
      1.64       -0.5    -0.0794     -0.731     -0.504 
C*C^-1 = 
         1   1.67e-16  -3.61e-16   2.22e-16   4.44e-16 
  2.22e-16          1  -3.33e-16  -2.22e-16  -1.67e-16 
 -2.22e-16  -4.44e-16          1  -2.22e-16  -3.33e-16 
  2.78e-16  -1.67e-16  -1.32e-16          1   2.78e-17 
  6.66e-16   2.78e-16  -2.81e-16  -2.78e-17          1 
