A = 
     0.693      0.618      0.524 
     0.454      0.553     0.0699 
     0.795      0.215      0.816 
     0.106      0.535      0.408 
     0.389       0.41      0.422 
Q = 
     0.569      0.184     -0.144 
     0.373       0.35     -0.684 
     0.653     -0.552       0.35 
    0.0874      0.707      0.599 
      0.32        0.2      0.176 
R = 
      1.22      0.876       1.03 
         0      0.649      0.043 
         0          0       0.48 
QQ^T =
         1   2.36e-16    2.5e-16 
  2.36e-16          1  -8.33e-17 
   2.5e-16  -8.33e-17          1 
QR =
     0.693      0.618      0.524 
     0.454      0.553     0.0699 
     0.795      0.215      0.816 
     0.106      0.535      0.408 
     0.389       0.41      0.422 
B = 
     0.938      0.795      0.365      0.422      0.847 
     0.542       0.92      0.684      0.447     0.0949 
     0.491      0.669      0.173     0.0383      0.428 
    0.0109      0.429      0.178      0.463      0.189 
     0.208      0.955      0.137     0.0874      0.215 
b = [0.241094492022458,0.55358928886875,0.594575688519783,0.822435540530102,0.399768292624395]
x = [-9.5662696380117,-0.785411467379121,11.8474132364313,-5.635344789383,9.32642523249024]
Bx = [0.241094492022457,0.553589288868753,0.594575688519782,0.822435540530102,0.399768292624395]
Matrix inverse part:

C = 
    0.0158    0.00373      0.775      0.532      0.756 
     0.413      0.091     0.0828      0.406      0.158 
     0.139      0.076      0.604       0.77      0.106 
     0.975      0.201      0.723      0.147      0.934 
     0.497       0.98      0.567      0.399      0.992 
C^-1 = 
    -0.914      0.598      0.279      0.876     -0.253 
     -1.07      -1.01      0.739     -0.224       1.11 
    -0.807      -2.93       1.95       1.02    -0.0848 
     0.669       2.08    -0.0875     -0.874   -0.00987 
       1.7       1.53      -1.95     -0.447     0.0937 
C*C^-1 = 
         1  -2.22e-16  -4.44e-16  -2.78e-16   1.39e-17 
 -3.89e-16          1   1.67e-16  -2.08e-16   7.29e-17 
 -8.33e-17  -8.33e-17          1    2.5e-16   6.77e-17 
 -4.44e-16  -2.22e-16   8.88e-16          1    1.8e-16 
         0          0   4.44e-16          0          1 
