A =
     0.777      0.227      0.749 
     0.227      0.295     0.0421 
     0.749     0.0421    0.00265 
EigenValues:     -0.462      0.257       1.28 
Eigenvalues using opt:    -0.462      0.257       1.28 
Eigenvectors = 
     0.529     -0.125       0.84 
    -0.112       0.97      0.215 
    -0.841     -0.208      0.499 
Eigenvectors using opt = 
     0.529     -0.125       0.84 
    -0.112       0.97      0.215 
    -0.841     -0.208      0.499 
V^T*A*V = 
    -0.462  -9.71e-17   3.05e-16 
 -7.63e-17      0.257   1.25e-12 
  2.22e-16   1.25e-12       1.28 
V*D*VT = 
     0.777      0.227      0.749 
     0.227      0.295     0.0421 
     0.749     0.0421    0.00265 
V^T*V = 
         1  -8.33e-17  -5.55e-17 
 -8.33e-17          1  -9.71e-17 
 -5.55e-17  -9.71e-17          1 
