A =
     0.525      0.447      0.774 
     0.447      0.586     0.0286 
     0.774     0.0286      0.097 
EigenValues:      -0.55      0.444       1.31 
Eigenvalues using opt:     -0.55      0.444       1.31 
Eigenvectors = 
      0.63     -0.241      0.739 
    -0.229      0.851      0.473 
    -0.742     -0.467      0.481 
Eigenvectors using opt = 
      0.63     -0.241      0.739 
    -0.229      0.851      0.473 
    -0.742     -0.467      0.481 
V^T*A*V = 
     -0.55   5.55e-17  -1.51e-13 
  5.55e-17      0.444  -2.78e-17 
 -1.51e-13   1.11e-16       1.31 
V*D*VT = 
     0.525      0.447      0.774 
     0.447      0.586     0.0286 
     0.774     0.0286      0.097 
V^T*V = 
         1  -5.55e-17          0 
 -5.55e-17          1   5.55e-17 
         0   5.55e-17          1 
