A =
    0.0116      0.607      0.176 
     0.607      0.583     0.0452 
     0.176     0.0452      0.485 
EigenValues:     -0.391      0.468          1 
Eigenvalues using opt:    -0.391      0.468          1 
Eigenvectors = 
     0.843     0.0168      0.538 
    -0.519       0.29      0.804 
    -0.142     -0.957      0.253 
Eigenvectors using opt = 
     0.843     0.0168      0.538 
    -0.519       0.29      0.804 
    -0.142     -0.957      0.253 
V^T*A*V = 
    -0.391  -1.39e-17   2.33e-10 
 -1.39e-17      0.468   2.08e-16 
  2.33e-10   2.22e-16          1 
V*D*VT = 
    0.0116      0.607      0.176 
     0.607      0.583     0.0452 
     0.176     0.0452      0.485 
V^T*V = 
         1   2.78e-17   7.63e-17 
  2.78e-17          1  -8.33e-17 
  7.63e-17  -8.33e-17          1 
