A =
     0.218      0.988      0.843      0.348      0.412      0.702 
     0.988     0.0269      0.548      0.293      0.308      0.322 
     0.843      0.548     0.0272      0.343      0.823      0.941 
     0.348      0.293      0.343      0.496      0.411       0.61 
     0.412      0.308      0.823      0.411      0.567      0.397 
     0.702      0.322      0.941       0.61      0.397      0.478 
D approx: 
    -0.958          0          0          0          0          0 
         0      -0.91          0          0          0          0 
         0          0    -0.0404          0          0          0 
         0          0          0      0.242          0          0 
         0          0          0          0       0.35          0 
         0          0          0          0          0       3.13 
eigenvectors = 
     0.551     -0.486     -0.145      0.105      0.471      0.454 
     -0.29      0.608     -0.433     0.0735      0.486      0.343 
    -0.705      -0.43      0.267     -0.176     0.0573      0.461 
   -0.0701     -0.127     -0.492      0.493     -0.624      0.325 
     0.252      0.176     -0.152     -0.778     -0.358      0.386 
     0.217      0.402      0.675      0.324     -0.144      0.458 
V^T*A*V = 
    -0.958  -6.27e-12   1.39e-16   8.33e-17  -3.67e-09  -7.39e-13 
 -6.27e-12      -0.91   1.39e-16   3.75e-16  -6.94e-17  -1.96e-12 
  1.01e-16   3.99e-17    -0.0404   1.68e-16   -4.3e-13  -5.41e-16 
  1.01e-16   3.26e-16   2.29e-16      0.242   1.91e-16  -3.82e-16 
 -3.67e-09   1.04e-17   -4.3e-13   1.73e-16       0.35  -3.12e-17 
 -7.39e-13  -1.96e-12  -4.44e-16  -3.89e-16   1.11e-16       3.13 
V*D*VT = 
     0.218      0.988      0.843      0.348      0.412      0.702 
     0.988     0.0269      0.548      0.293      0.308      0.322 
     0.843      0.548     0.0272      0.343      0.823      0.941 
     0.348      0.293      0.343      0.496      0.411       0.61 
     0.412      0.308      0.823      0.411      0.567      0.397 
     0.702      0.322      0.941       0.61      0.397      0.478 
V^T*V = 
         1   1.25e-16          0  -1.94e-16  -1.25e-16   2.36e-16 
  1.25e-16          1  -2.22e-16   -2.5e-16   2.78e-17  -8.33e-17 
         0  -2.22e-16          1  -1.11e-16  -2.78e-17  -1.67e-16 
 -1.94e-16   -2.5e-16  -1.11e-16          1   2.01e-16  -8.33e-17 
 -1.25e-16   2.78e-17  -2.78e-17   2.01e-16          1   6.94e-17 
  2.36e-16  -8.33e-17  -1.67e-16  -8.33e-17   6.94e-17          1 
