A =
     0.583      0.875      0.313 
     0.875       0.86      0.555 
     0.313      0.555      0.456 
D approx: 
    -0.199          0          0 
         0      0.215          0 
         0          0       1.88 
eigenvectors = 
     0.669       0.47      0.576 
    -0.693      0.115      0.711 
     0.268     -0.875      0.403 
V^T*A*V = 
    -0.199   1.65e-14  -5.24e-16 
  1.66e-14      0.215   6.94e-17 
 -3.61e-16   1.11e-16       1.88 
V*D*VT = 
     0.583      0.875      0.313 
     0.875       0.86      0.555 
     0.313      0.555      0.456 
V^T*V = 
         1  -1.11e-16  -1.53e-16 
 -1.11e-16          1   5.55e-17 
 -1.53e-16   5.55e-17          1 

W = 
     0.695      0.719          0 
    -0.719      0.695          0 
         0          0          1 
WWT = 
         1          0          0 
         0          1          0 
         0          0          1 
