A =
      0.37      0.828       0.27    0.00198      0.401      0.658 
     0.828      0.903      0.591      0.417      0.299      0.223 
      0.27      0.591      0.243      0.654      0.894     0.0517 
   0.00198      0.417      0.654      0.589     0.0809      0.849 
     0.401      0.299      0.894     0.0809     0.0119     0.0301 
     0.658      0.223     0.0517      0.849     0.0301      0.644 
D approx: 
    -0.926          0          0          0          0          0 
         0     -0.734          0          0          0          0 
         0          0      0.154          0          0          0 
         0          0          0      0.654          0          0 
         0          0          0          0      0.989          0 
         0          0          0          0          0       2.62 
eigenvectors = 
   -0.0245      0.628      0.357      0.545      0.129      0.405 
   -0.0547      -0.32     -0.631      0.304       0.35       0.53 
     0.684     0.0717      0.149     -0.515      0.279      0.403 
    -0.361      0.397     -0.315     -0.458     -0.485       0.41 
    -0.598     -0.319      0.508     -0.282      0.355      0.278 
     0.202     -0.488      0.307      0.238     -0.649      0.385 
V^T*A*V = 
    -0.926   2.78e-16  -2.22e-16    4.4e-10   2.14e-09   6.64e-11 
  2.36e-16     -0.734  -2.36e-16   -2.5e-10   7.68e-13  -5.69e-15 
 -1.61e-16  -2.05e-16      0.154   4.09e-11   4.98e-15  -5.72e-16 
   4.4e-10   -2.5e-10   4.09e-11      0.654  -3.61e-16  -5.34e-16 
  2.14e-09   7.68e-13   5.08e-15  -4.44e-16      0.989  -1.11e-16 
  6.64e-11  -5.66e-15  -5.55e-16  -4.72e-16          0       2.62 
V*D*VT = 
      0.37      0.828       0.27    0.00198      0.401      0.658 
     0.828      0.903      0.591      0.417      0.299      0.223 
      0.27      0.591      0.243      0.654      0.894     0.0517 
   0.00198      0.417      0.654      0.589     0.0809      0.849 
     0.401      0.299      0.894     0.0809     0.0119     0.0301 
     0.658      0.223     0.0517      0.849     0.0301      0.644 
V^T*V = 
         1    1.8e-16    4.3e-16  -2.78e-16   1.11e-16   1.25e-16 
   1.8e-16          1   5.83e-16  -4.16e-17   1.11e-16          0 
   4.3e-16   5.83e-16          1  -1.11e-16  -2.78e-16   1.39e-17 
 -2.78e-16  -4.16e-17  -1.11e-16          1   -2.5e-16   -2.5e-16 
  1.11e-16   1.11e-16  -2.78e-16   -2.5e-16          1  -1.94e-16 
  1.25e-16          0   1.39e-17   -2.5e-16  -1.94e-16          1 
