A =
     0.882      0.799      0.103 
     0.799       0.65     0.0204 
     0.103     0.0204      0.488 
EigenValues:     -0.047      0.485       1.58 
Eigenvalues using opt:    -0.047      0.485       1.58 
Eigenvectors = 
     0.655   -0.00104      0.755 
    -0.749      0.128       0.65 
   -0.0975     -0.992     0.0832 
Eigenvectors using opt = 
     0.655   -0.00104      0.755 
    -0.749      0.128       0.65 
   -0.0975     -0.992     0.0832 
V^T*A*V = 
    -0.047  -2.43e-17   7.17e-13 
 -2.78e-17      0.485   8.33e-17 
  7.18e-13   5.55e-17       1.58 
V*D*VT = 
     0.882      0.799      0.103 
     0.799       0.65     0.0204 
     0.103     0.0204      0.488 
V^T*V = 
         1          0  -1.02e-16 
         0          1          0 
 -1.02e-16          0          1 
