A =
     0.547      0.855     0.0417 
     0.855      0.793      0.934 
    0.0417      0.934      0.328 
EigenValues:     -0.652      0.409       1.91 
Eigenvalues using opt:    -0.652      0.409       1.91 
Eigenvectors = 
     0.447      0.753      0.483 
    -0.657    -0.0899      0.749 
     0.607     -0.652      0.454 
Eigenvectors using opt = 
     0.447      0.753      0.483 
    -0.657    -0.0899      0.749 
     0.607     -0.652      0.454 
V^T*A*V = 
    -0.652   5.03e-10   9.44e-16 
  5.03e-10      0.409  -2.36e-16 
  9.99e-16  -3.33e-16       1.91 
V*D*VT = 
     0.547      0.855     0.0417 
     0.855      0.793      0.934 
    0.0417      0.934      0.328 
V^T*V = 
         1  -1.11e-16          0 
 -1.11e-16          1  -1.67e-16 
         0  -1.67e-16          1 
