A = 
     0.298      0.906      0.824 
     0.807      0.446       0.72 
      0.87      0.626      0.383 
     0.687      0.287      0.874 
    0.0879      0.371    0.00325 
Q = 
     0.212      0.872      0.353 
     0.574      -0.16      0.102 
     0.619    0.00966     -0.634 
     0.489     -0.252      0.577 
    0.0625      0.388     -0.361 
R = 
      1.41      0.999       1.25 
         0      0.796      0.388 
         0          0      0.625 
QQ^T =
         1  -1.35e-16  -1.84e-16 
 -1.35e-16          1  -1.39e-16 
 -1.84e-16  -1.39e-16          1 
QR =
     0.298      0.906      0.824 
     0.807      0.446       0.72 
      0.87      0.626      0.383 
     0.687      0.287      0.874 
    0.0879      0.371    0.00325 
B = 
     0.844      0.664      0.247      0.522      0.821 
     0.205       0.44       0.98      0.986      0.777 
     0.894      0.944       0.59      0.392    0.00403 
     0.919      0.669      0.828     0.0236      0.748 
     0.298      0.407      0.162      0.995      0.897 
b = [0.0501250019530416,0.197086760400369,0.0731309051965973,0.91301270709979,0.0756889111714852]
x = [-6.90095225964209,8.56583591633377,-0.609142191205421,-3.82146900999115,2.8385525911455]
Bx = [0.0501250019530413,0.197086760400371,0.0731309051965947,0.913012707099788,0.0756889111714827]
Matrix inverse part:

C = 
     0.214     0.0206      0.517      0.902      0.168 
     0.201      0.304      0.535     0.0347      0.235 
     0.101      0.701      0.384      0.827       0.46 
     0.943      0.797      0.732      0.438     0.0963 
     0.896       0.87      0.175      0.452      0.334 
C^-1 = 
      0.86      0.426      -1.52      -0.48       1.49 
     -1.64      -1.19       1.64        1.4      -1.01 
     0.141       1.11     -0.015      0.713      -1.03 
      0.68      -1.29      0.494      0.247     -0.189 
      0.97       3.11     -0.875      -3.07       2.41 
C*C^-1 = 
         1  -1.11e-16  -2.22e-16          0  -1.11e-16 
  1.94e-16          1  -1.11e-16   2.22e-16          0 
 -1.67e-16  -6.66e-16          1          0          0 
  9.71e-17   1.67e-16   1.94e-16          1  -5.55e-17 
  2.22e-16   2.22e-16  -2.78e-16          0          1 
