A = 
   0.00706      0.626      0.142 
     0.627      0.321      0.181 
     0.824      0.923      0.621 
     0.783      0.316      0.758 
     0.339       0.94       0.63 
Q = 
   0.00526      0.612      -0.16 
     0.468     -0.211     -0.621 
     0.614      0.218     -0.265 
     0.583     -0.345      0.617 
     0.253      0.643      0.371 
R = 
      1.34       1.14       1.07 
         0       1.01      0.328 
         0          0      0.402 
QQ^T =
         1   1.39e-16   2.36e-16 
  1.39e-16          1   1.67e-16 
  2.36e-16   1.67e-16          1 
QR =
   0.00706      0.626      0.142 
     0.627      0.321      0.181 
     0.824      0.923      0.621 
     0.783      0.316      0.758 
     0.339       0.94       0.63 
B = 
     0.485      0.361      0.465      0.149      0.528 
     0.722      0.612      0.342     0.0735      0.759 
     0.637      0.953      0.797      0.842      0.507 
     0.286      0.347       0.91      0.246      0.343 
     0.388      0.874     0.0898      0.707      0.747 
b = [0.165528296104413,0.488761667855439,0.350345676927988,0.341589140864829,0.112297165259857]
x = [-0.410447813439362,1.89509438745038,0.370654455031206,-1.45548278613286,-0.520197162467424]
Bx = [0.165528296104413,0.488761667855438,0.350345676927988,0.341589140864829,0.112297165259858]
Matrix inverse part:

C = 
     0.615      0.218      0.263      0.609      0.566 
     0.011      0.285      0.126      0.884      0.409 
     0.518      0.904       0.53      0.285      0.247 
     0.421      0.474      0.286      0.668      0.986 
     0.474       0.25      0.998      0.654      0.282 
C^-1 = 
      2.45     -0.656      0.302      -1.09      -0.41 
    -0.672      0.434       1.26     0.0505     -0.561 
     -1.25     -0.516     -0.224      0.604       1.34 
     0.774       1.41    -0.0995     -0.993    -0.0445 
    -0.886     -0.737     -0.602       1.95     0.0863 
C*C^-1 = 
         1  -2.22e-16  -5.55e-17  -2.22e-16  -2.15e-16 
         0          1          0   1.11e-16   4.16e-17 
  2.78e-17   5.55e-17          1  -2.78e-16  -6.25e-17 
 -1.11e-16          0  -1.11e-16          1   2.08e-16 
 -3.33e-16  -1.94e-16  -1.11e-16   2.22e-16          1 
