A = 
     0.664     0.0639     0.0505 
     0.309      0.499      0.958 
     0.633      0.707      0.169 
      0.74      0.914      0.578 
     0.541      0.191      0.999 
Q = 
     0.498     -0.673     -0.273 
     0.231      0.362      0.586 
     0.475      0.287     -0.394 
     0.555      0.461      -0.13 
     0.406     -0.348       0.64 
R = 
      1.33       1.07       1.05 
         0      0.696       0.28 
         0          0       1.05 
QQ^T =
         1   3.89e-16   1.11e-16 
  3.89e-16          1   2.78e-17 
  1.11e-16   2.78e-17          1 
QR =
     0.664     0.0639     0.0505 
     0.309      0.499      0.958 
     0.633      0.707      0.169 
      0.74      0.914      0.578 
     0.541      0.191      0.999 
B = 
     0.681      0.849      0.357      0.332      0.322 
     0.773      0.882      0.448     0.0317      0.395 
    0.0497      0.824      0.466      0.785      0.032 
     0.125      0.367      0.446      0.606      0.437 
     0.602      0.371      0.571       0.58       0.85 
b = [0.391329491227553,0.529573662453133,0.444639587050602,0.23625851806079,0.90735626542352]
x = [4.31761368241869,-4.11806469546773,6.305839331099,1.07850261139929,-5.16145918054282]
Bx = [0.391329491227551,0.529573662453134,0.444639587050603,0.236258518060787,0.907356265423523]
Matrix inverse part:

C = 
     0.645      0.708     0.0957      0.668      0.886 
     0.542      0.575       0.81       0.91      0.503 
     0.134       0.29      0.169      0.861      0.467 
     0.563      0.189      0.658      0.345      0.274 
     0.129      0.546      0.305     0.0661      0.631 
C^-1 = 
      1.41     -0.109      -1.22      0.874      -1.36 
     0.879       3.71      -3.07      -3.78     -0.279 
     -1.26      0.122      0.366       1.02      0.958 
   -0.0314      0.533      0.886       -0.5      -0.82 
    -0.438       -3.3       2.63       2.66       1.73 
C*C^-1 = 
         1          0  -4.44e-16          0   4.44e-16 
  2.78e-16          1  -2.22e-16          0   3.33e-16 
 -3.33e-16  -2.22e-16          1          0  -3.33e-16 
 -6.25e-16  -4.44e-16  -3.33e-16          1  -1.11e-16 
  1.67e-16   4.44e-16  -2.22e-16   2.22e-16          1 
