A = 
     0.535      0.696      0.722 
     0.628      0.857      0.972 
     0.124       0.19      0.839 
     0.395      0.646      0.325 
      0.16      0.534      0.406 
Q = 
     0.571     -0.248    -0.0489 
      0.67     -0.169     0.0943 
     0.132     0.0289      0.909 
     0.422      0.221     -0.398 
     0.171      0.927     0.0705 
R = 
     0.937       1.36       1.38 
         0      0.326      0.129 
         0          0      0.718 
QQ^T =
         1  -7.49e-16  -5.34e-16 
 -7.49e-16          1  -2.78e-17 
 -5.34e-16  -2.78e-17          1 
QR =
     0.535      0.696      0.722 
     0.628      0.857      0.972 
     0.124       0.19      0.839 
     0.395      0.646      0.325 
      0.16      0.534      0.406 
B = 
    0.0909      0.987      0.622      0.296      0.168 
     0.707      0.571      0.774      0.411      0.674 
     0.403      0.997      0.179      0.196      0.954 
      0.55     0.0343      0.453       0.31      0.297 
     0.898      0.423      0.239      0.334       0.99 
b = [0.785847515233721,0.696443359691856,0.553873349704721,0.771146852882182,0.121719885674175]
x = [-10.1864184235377,-3.78079190258893,-0.616312225748031,16.557523330091,5.54213891056317]
Bx = [0.785847515233722,0.696443359691857,0.553873349704721,0.771146852882182,0.121719885674176]
Matrix inverse part:

C = 
     0.641      0.351    0.00763      0.649      0.867 
     0.132      0.908      0.153      0.878      0.546 
     0.839      0.989      0.151      0.854      0.446 
     0.298       0.57      0.787      0.842      0.216 
     0.449      0.371      0.389      0.985      0.372 
C^-1 = 
     0.261      -1.42       1.18     0.0202     0.0548 
    -0.328      0.718      0.764      0.439      -1.46 
      0.63     -0.569     -0.416       2.13      -1.37 
    -0.913      0.436     -0.303      -1.31       2.61 
      1.77      0.439     -0.951      0.766      -1.39 
C*C^-1 = 
         1  -1.11e-16   1.11e-16   2.22e-16          0 
 -1.11e-16          1  -1.11e-16  -3.33e-16   3.33e-16 
         0  -2.78e-16          1  -2.78e-16   6.66e-16 
  1.67e-16  -1.11e-16  -8.33e-17          1   5.55e-17 
 -2.22e-16   5.55e-17   5.55e-17  -3.89e-16          1 
