Test of ODE solver with no path-recording:
ul = 1, ul' = 0
ul = 0.996485775129685, ul' = -0.500211035128008
ul = 0.591172750280158, ul' = -0.278930234462615
